30.719995
1.003869
1.023413
1.054455
1.096525
1.148990
1.211121
1.282026
1.363041
1.459524
1.573216
1.704706
1.853943
2.020214
2.210708
2.427557
2.671005
2.947856
3.260629
3.614798
4.014320
4.466382
4.975274
5.548130
6.193671
6.920525
7.737299
8.654945
9.684504
10.836488
12.119698
13.543828
15.118745
16.848625
18.734312
20.769194
22.936594
25.210685
27.551234
29.903612
32.199600
34.362988
36.314208
37.978819
39.297846
40.233988
40.776029
40.939264
40.762207
40.300283
39.618276
38.784661
37.863729
36.912775
35.978733
35.095522
34.287120
33.565735
32.936300
32.397195
31.941932
31.561891
31.248554
30.993805
30.790686
30.635463
30.527479
30.468432
30.461572
30.513983
30.634585
30.834954
31.129798
31.535970
32.072453
32.753520
33.583060
34.547769
35.610836
36.710932
37.768086
38.700345
39.443965
39.965992
40.262331
40.347787
40.243468
39.968249
39.537739
38.966705
38.269160
37.460937
36.562450
35.596985
34.592016
33.576911
32.583425
31.643308
30.788280
30.047720
