0.022859
1.318621
1.461839
1.584372
1.684250
1.763113
1.825357
1.876931
1.923846
1.970658
2.019314
2.068688
2.114845
2.151891
2.173072
2.171937
2.143401
2.084608
1.995486
1.878832
1.739882
1.585388
1.422464
1.257665
1.096901
0.946781
0.817666
0.727189
0.698309
0.743996
0.853056
1.000000
1.160942
1.318621
1.461839
1.584372
1.684250
1.763113
1.825357
1.876931
1.923846
1.970658
2.019314
2.068688
2.114845
2.151891
2.173072
2.171937
2.143401
2.084608
1.995486
1.878832
1.739882
1.585388
1.422464
1.257665
1.096901
0.946781
0.817666
0.727189
0.698309
0.743996
0.853056
1.000000
1.160942
1.318621
1.461839
1.584372
1.684250
1.763113
1.825357
1.876931
1.923846
1.970658
2.019314
2.068688
2.114845
2.151891
2.173072
2.171937
2.143401
2.084608
1.995486
1.878832
1.739882
1.585388
1.422464
1.257665
1.096901
0.946781
0.817666
0.727189
0.698309
0.743996
0.853056
1.000000
1.160942
1.318621
1.461839
1.584372
