0.030000
0.029555
0.029010
0.028412
0.028240
0.028609
0.029558
0.031379
0.033563
0.036194
0.039459
0.043008
0.046775
0.050870
0.056205
0.062579
0.069726
0.078633
0.088278
0.099873
0.112695
0.128388
0.145499
0.165597
0.188761
0.215319
0.246528
0.282926
0.324901
0.373264
0.430396
0.496539
0.573696
0.662975
0.764561
0.880378
1.008074
1.141879
1.275190
1.398691
1.497036
1.553452
1.559946
1.544709
1.504617
1.468708
1.433411
1.399011
1.369138
1.350247
1.332709
1.327160
1.321030
1.318807
1.320462
1.314638
1.305521
1.284417
1.244857
1.206795
1.185988
1.151227
1.138560
1.136009
1.139096
1.145513
1.159411
1.169124
1.194486
1.216881
1.223348
1.229030
1.236473
1.236483
1.210956
1.186995
1.160588
1.143707
1.138258
1.156131
1.223505
1.359302
1.384041
1.395236
1.409754
1.450340
1.476754
1.498308
1.522799
1.508241
1.497532
1.452786
1.403341
1.328156
1.277700
1.217614
1.184718
1.126753
1.098803
1.077850
