0.030000
0.029433
0.028556
0.027730
0.028336
0.030593
0.034595
0.038860
0.038069
0.035233
0.033106
0.036362
0.034622
0.030564
0.027934
0.021517
0.014239
0.005884
-0.004138
-0.018046
-0.030870
-0.047833
-0.064998
-0.084103
-0.106273
-0.129493
-0.154797
-0.181668
-0.210440
-0.240128
-0.270939
-0.302713
-0.335281
-0.367948
-0.401528
-0.433870
-0.465521
-0.503198
-0.541322
-0.578007
-0.613403
-0.646354
-0.677428
-0.706691
-0.733229
-0.759070
-0.783103
-0.804873
-0.821026
-0.826820
-0.807198
-0.699192
-0.199965
0.165661
0.054515
-0.024359
-0.069322
-0.079497
-0.045896
0.039694
0.213496
0.486631
0.705305
0.806401
0.833009
0.873663
0.915999
0.981972
1.054371
1.128969
1.182371
1.215887
1.234550
1.209157
1.175228
1.132642
1.092215
1.054561
1.047498
1.038646
0.954818
0.864261
0.792733
0.734696
0.619586
0.378279
0.040762
-0.265882
-0.416930
-0.500182
-0.548733
-0.554252
-0.635553
-0.716154
-0.756580
-0.763957
-0.760384
-0.737376
-0.703036
-0.712055
