30.720000
1.004374
1.024128
1.055238
1.097204
1.149394
1.211059
1.281317
1.361272
1.456353
1.568265
1.697589
1.844191
2.007295
2.193627
2.405287
2.642619
2.911639
3.215065
3.557013
3.942238
4.376806
4.863884
5.411782
6.028360
6.721503
7.499395
8.370215
9.343932
10.430712
11.640670
12.982700
14.464663
16.091093
17.864295
19.779928
21.826456
23.981335
26.211572
28.471167
30.701460
32.833749
34.794918
36.514130
37.930330
38.999864
39.701018
40.036417
40.030352
39.725779
39.177113
38.445459
37.591771
36.673371
35.739503
34.828652
33.966495
33.173577
32.459919
31.827337
31.272936
30.791974
30.377340
30.022040
29.721098
29.471320
29.272540
29.127464
29.040050
29.017213
29.066051
29.197167
29.423744
29.761320
30.226896
30.835978
31.599359
32.515269
33.557994
34.681124
35.813538
36.870567
37.773287
38.467364
38.931549
39.171263
39.206382
39.059857
38.749289
38.287160
37.683214
36.945568
36.085507
35.118677
34.065378
32.951435
31.808945
30.671863
29.577936
28.564343
