30.720000
1.004198
1.023903
1.054992
1.097015
1.149339
1.211191
1.281707
1.362186
1.458029
1.570840
1.701228
1.849070
2.013585
2.201801
2.415759
2.655806
2.928307
3.235810
3.583073
3.974525
4.416700
4.912390
5.470167
6.098255
6.804780
7.598108
8.486265
9.481087
10.591079
11.827152
13.198561
14.712478
16.373749
18.183496
20.137229
22.221675
24.415374
26.682580
28.975359
31.232604
33.383311
35.351551
37.063774
38.458425
39.492494
40.145964
40.423837
40.354499
39.984074
39.371172
38.579762
37.673551
36.710628
35.740068
34.800980
33.920392
33.115760
32.395713
31.761532
31.209920
30.734443
30.328155
29.983975
29.696784
29.463591
29.285482
29.165302
29.107616
29.119595
29.209837
29.389796
29.673643
30.077606
30.618664
31.308495
32.153204
33.141576
34.239818
35.388175
36.506306
37.508730
38.325241
38.915758
39.272345
39.408995
39.348312
39.112060
38.716715
38.173253
37.490799
36.679329
35.751675
34.726256
33.626215
32.480933
31.322545
30.188421
29.115183
28.139499
