30.719995
1.003849
1.023358
1.054336
1.096301
1.148608
1.210488
1.281056
1.361352
1.456993
1.569664
1.699965
1.847736
2.012206
2.200380
2.414353
2.654393
2.926757
3.234179
3.581381
3.972756
4.414805
4.910296
5.467793
6.095518
6.801666
7.594605
8.482433
9.476962
10.586657
11.822483
13.193672
14.707336
16.368155
18.176969
20.128955
22.210405
24.399536
26.660904
28.945945
31.195474
33.340286
35.305928
37.019590
38.420772
39.465785
40.133722
40.428224
40.375644
40.020302
39.419851
38.637162
37.735505
36.773536
35.800460
34.855722
33.965896
33.150391
32.419427
31.775033
31.215487
30.734769
30.326697
29.984119
29.701926
29.476844
29.308677
29.199638
29.153783
29.177855
29.279533
29.470436
29.764567
30.177874
30.727300
31.425837
32.280111
33.277893
34.384082
35.536345
36.652450
37.646847
38.449961
39.023019
39.359770
39.475912
39.394842
39.137578
38.719309
38.151041
37.442696
36.605681
35.654944
34.609806
33.494975
32.341634
31.182683
30.055985
28.998732
28.046836
