0.000000
9201665119.964386
27584787976.409130
58720340287.432556
102779154659.391785
159562364650.982269
228333555169.273407
310696494251.962463
406948822954.567017
524098664070.118713
670770664539.998657
855787697416.026123
1086784036910.075317
1365008968818.588867
1712440373188.127930
2143992334132.301758
2673786627588.773438
3333904886164.780273
4153926984972.137207
5173116809588.700195
6432814779658.031250
7998798150146.142578
9926297154631.609375
12310002968764.306641
15264515628746.535156
18935043885478.867188
23489143692912.632812
29117892856351.492188
36059747885339.015625
44597956433563.710938
55051541564536.109375
67780794571350.125000
83162791964354.015625
101538243420933.687500
123197923902787.515625
148276921574617.812500
176659823941563.000000
207788351659401.562500
240623459210384.687500
273506703232036.750000
304176365283828.437500
329869519763086.125000
347698536682462.312500
355147754917381.500000
350558201408645.062500
333582802333693.062500
305353477296333.562500
268383521498015.062500
226139382846023.062500
182600125709242.375000
141645645690946.625000
106672162488862.250000
80199095326373.515625
63728405240511.289062
57673508062931.945312
61467120466799.039062
73792639360834.125000
92732252670156.953125
116245540761679.953125
142262449249340.750000
168928712544418.906250
194780456457204.906250
218633217472644.625000
239637699913868.406250
257183475636008.593750
270829797271771.937500
280162207755195.875000
284799492344403.625000
284359376147922.750000
278628582414363.843750
267515109299836.343750
251205938349580.531250
230298844262129.750000
205930048381445.375000
179992757915837.343750
155353493137305.125000
135777446730242.062500
125249272084000.343750
126484721221578.921875
139210151538008.296875
159094760382204.187500
178857420708966.406250
191783344510066.093750
195298492721613.687500
191724717822600.156250
185856510342902.406250
181938973436979.843750
182040318619597.812500
186080004147812.843750
192634991662852.843750
199875203125204.281250
206121374771005.312500
210247150090386.093750
211726995128246.593750
210488300790999.093750
206777880802729.156250
201162806701332.156250
194348218815975.218750
187224932903228.531250
180642847027671.593750
