0.000000
10672609994.256107
31647178355.123447
63277732894.905373
107807134667.071777
165354517028.930054
235466188941.894836
318709203450.089600
419160025978.392700
544887281390.685059
702250912727.266846
902456794464.044678
1150235676590.140869
1450084996359.547363
1827692415339.175781
2300047257447.354492
2877607086842.579102
3596497224576.177734
4487716208100.795898
5593584949279.390625
6964765271821.884766
8675421958877.517578
10778147920480.390625
13383182397681.273438
16622947625374.953125
20653869329728.710938
25659340118622.015625
31848733002453.316406
39510191353653.492188
48935629484237.429688
60501800118564.328125
74610516451679.281250
91670055334284.062500
112060170046900.843750
136089614899556.156250
163905121713954.218750
195319483557338.281250
229778574397504.218750
266099153197682.156250
302389755231939.500000
336135038413809.125000
364306528643317.187500
383707958349930.125000
391501939661221.937500
385918818622333.562500
366594331520743.187500
334820176017894.500000
293398634666368.312500
246213636325788.843750
197694852426616.375000
152260759336233.156250
113725405450223.796875
84899583140589.984375
67415046654818.789062
61633559826600.320312
66801057686006.593750
81353275338096.953125
103168169657794.625000
129949413480128.921875
159420161536046.468750
189591398630115.218750
218779333900885.562500
245717466554274.375000
269411435029871.750000
289105363443767.125000
304160833358564.562500
313955806235281.437500
317885021061624.687500
315493389214363.750000
306552464568530.437500
291125927902559.250000
269703188675875.843750
243352590522676.656250
213879045566753.312500
184098049223062.062500
157912260611563.468750
139989389786038.593750
134443141087654.390625
142953708846563.937500
162853086345120.968750
187020518149635.718750
206757887087174.093750
216372004086551.812500
215946934625915.593750
210109722221502.281250
204372296372542.156250
202319070421432.531250
204890703462980.906250
211059725446319.187500
218926478859242.843750
226514832009254.000000
232280324460457.718750
235318120306761.375000
235308784575912.656250
232383833131429.781250
226990465970970.187500
219763339650696.656250
211668556165246.031250
203670931156872.125000
196486687471678.812500
