30.720000
30.495889
29.833322
28.760884
27.323905
25.581241
23.601235
21.457236
19.223100
16.969041
14.758169
12.643904
10.668398
8.861950
7.243315
5.820753
4.593601
3.554178
2.689822
1.984980
1.423343
0.990311
0.676379
0.480623
0.402095
0.409052
0.449843
0.493467
0.529474
0.556181
0.574761
0.587054
0.594804
0.599429
0.601995
0.603257
0.603727
0.603737
0.603494
0.603123
0.602695
0.602250
0.601809
0.601382
0.600973
0.600584
0.600215
0.599865
0.599534
0.599220
0.598923
0.598641
0.598373
0.598120
0.597879
0.597651
0.597433
0.597227
0.597030
0.596843
0.596665
0.596495
0.596333
0.596179
0.596031
0.595890
0.595755
0.595626
0.595503
0.595385
0.595271
0.595163
0.595059
0.594959
0.594862
0.594770
0.594681
0.594596
0.594514
0.594435
0.594359
0.594286
0.594215
0.594147
0.594081
0.594018
0.593957
0.593897
0.593840
0.593785
0.593732
0.593680
0.593630
0.593582
0.593535
0.593490
0.593446
0.593403
0.593362
0.593322
