0.000000
0.990630
0.774454
0.600438
0.382259
0.182246
0.058828
0.089923
0.105628
0.079582
0.086347
0.070179
0.054530
0.042310
0.006549
0.017531
0.044486
0.069500
0.090379
0.091568
0.086800
0.062749
0.044352
0.017699
0.006642
0.020296
0.024435
0.026683
0.025535
0.031027
0.058800
0.090067
0.117668
0.129712
0.120102
0.088547
0.055314
0.021282
0.014417
0.024403
0.028135
0.030853
0.037000
0.040941
0.036751
0.032498
0.040864
0.056485
0.065745
0.051653
0.029681
0.026949
0.051491
0.071696
0.072625
0.062085
0.036276
0.023938
0.025864
0.029794
0.032063
0.019248
0.008912
0.019644
0.041528
0.054284
0.052794
0.055002
0.061576
0.058561
0.043687
0.013883
0.028932
0.064044
0.082349
0.085546
0.065331
0.041072
0.005261
0.019084
0.033981
0.044901
0.039530
0.034097
0.038452
0.039764
0.030090
0.020740
0.026501
0.034631
0.037108
0.036101
0.033148
0.013723
0.008698
0.024767
0.026960
0.026685
0.045454
0.068915
