30.720000
0.996449
0.985878
0.968525
0.944779
0.915163
0.880316
0.840968
0.797917
0.752001
0.704072
0.654967
0.605487
0.556378
0.508310
0.461867
0.417540
0.375718
0.336694
0.300665
0.267740
0.237945
0.211239
0.187523
0.166649
0.148436
0.132678
0.119154
0.107638
0.097905
0.089738
0.082932
0.077294
0.072652
0.068849
0.065747
0.063227
0.061185
0.059533
0.058197
0.057116
0.056239
0.055524
0.054939
0.054455
0.054053
0.053715
0.053427
0.053180
0.052965
0.052777
0.052609
0.052459
0.052323
0.052199
0.052086
0.051981
0.051884
0.051794
0.051710
0.051631
0.051558
0.051488
0.051423
0.051361
0.051302
0.051247
0.051195
0.051145
0.051098
0.051053
0.051010
0.050969
0.050930
0.050893
0.050857
0.050823
0.050791
0.050760
0.050730
0.050701
0.050674
0.050648
0.050622
0.050598
0.050575
0.050552
0.050530
0.050510
0.050490
0.050470
0.050451
0.050433
0.050416
0.050399
0.050383
0.050367
0.050352
0.050337
0.050323
