0.000000
1.042017
1.195926
1.179845
1.116259
0.919310
0.770455
0.756932
0.766607
0.837489
0.834776
0.708795
0.543741
0.554893
0.558720
0.626544
0.612608
0.505502
0.395993
0.267329
0.218910
0.290626
0.336862
0.266210
0.202113
0.074136
0.041381
0.136121
0.225317
0.206764
0.082593
0.051165
0.136297
0.177690
0.200662
0.253638
0.190479
0.174508
0.114821
0.125258
0.239663
0.258524
0.240870
0.216220
0.197365
0.202348
0.178647
0.197171
0.231204
0.133036
0.060046
0.106272
0.167653
0.196742
0.187285
0.183415
0.143473
0.127690
0.111546
0.137223
0.148553
0.111980
0.061909
0.070271
0.119869
0.188830
0.235725
0.179617
0.131592
0.039003
0.038345
0.091457
0.155722
0.166074
0.223382
0.210976
0.192031
0.182947
0.181536
0.153761
0.118842
0.068593
0.155645
0.176360
0.201415
0.213808
0.169364
0.100366
0.039771
0.083472
0.115273
0.135668
0.200802
0.218897
0.174006
0.162754
0.137452
0.117019
0.126904
0.109614
