0.000000
0.998596
0.996156
0.990996
0.984841
0.976803
0.966995
0.955675
0.944037
0.929324
0.913823
0.897132
0.880169
0.860588
0.840794
0.819818
0.797864
0.775157
0.751670
0.727748
0.704026
0.679534
0.655138
0.629771
0.606027
0.580900
0.555884
0.531728
0.507827
0.483894
0.461306
0.438640
0.417049
0.395409
0.374730
0.356003
0.336204
0.318030
0.300686
0.284218
0.267890
0.252928
0.238918
0.224982
0.212297
0.199771
0.188402
0.178767
0.167791
0.158343
0.150575
0.141695
0.134262
0.127904
0.121148
0.115284
0.109776
0.105194
0.100105
0.096213
0.092109
0.089011
0.084982
0.082244
0.079959
0.076703
0.075048
0.073091
0.071163
0.069684
0.068154
0.066580
0.065767
0.064159
0.063188
0.062315
0.061297
0.060636
0.059853
0.059180
0.058474
0.058340
0.057682
0.057653
0.057045
0.056762
0.056391
0.056154
0.055586
0.056439
0.055668
0.055596
0.056397
0.055506
0.055505
0.055347
0.055217
0.055067
0.055218
0.055491
