10.910698
0.998938
1.013036
1.042409
1.087365
1.148442
1.226323
1.321749
1.435588
1.568646
1.721687
1.895334
2.089840
2.305025
2.540261
2.794078
3.064198
3.347443
3.639740
3.935926
4.229642
4.513614
4.779720
5.019253
5.223555
5.384821
5.496278
5.552792
5.551329
5.491340
5.374882
5.206331
4.992035
4.740109
4.459511
4.159772
3.850316
3.540079
3.237215
2.948798
2.680594
2.437420
2.222809
2.039161
1.887659
1.768570
1.681312
1.624813
1.597412
1.597310
1.622537
1.670925
1.740329
1.828653
1.933797
2.053887
2.187108
2.331804
2.486429
2.649420
2.819355
2.994754
3.174049
3.355583
3.537500
3.717719
3.893874
4.063402
4.223557
4.371504
4.504576
4.620422
4.716757
4.791613
4.843405
4.871145
4.874482
4.853763
4.809760
4.743859
4.657964
4.554358
4.436024
4.305989
4.167336
4.023123
3.876496
3.730461
3.587720
3.451047
3.322861
3.205415
3.100531
3.009667
2.933909
2.873848
2.829782
2.801631
2.788942
2.791090
